time,e,p,i,d,pi,pd,pid,Kp,Ki,Kd,dt,fe
1,0,0,0,0,0,0,0,0.8,0.3,0.02,0.02,0.4
2,0,0,0,0,0,0,0,,,,,
3,0,0,0,0,0,0,0,,,,,
4,0,0,0,0,0,0,0,,,,,
5,0,0,0,0,0,0,0,,,,,
6,0,0,0,0,0,0,0,,,,,
7,0,0,0,0,0,0,0,,,,,
8,0,0,0,0,0,0,0,,,,,
9,0,0,0,0,0,0,0,,,,,
10,0,0,0,0,0,0,0,,,,,
11,0,0,0,0,0,0,0,,,,,
12,0,0,0,0,0,0,0,,,,,
13,0,0,0,0,0,0,0,,,,,
14,0,0,0,0,0,0,0,,,,,
15,0,0,0,0,0,0,0,,,,,
16,0,0,0,0,0,0,0,,,,,
17,0,0,0,0,0,0,0,,,,,
18,0,0,0,0,0,0,0,,,,,
19,0,0,0,0,0,0,0,,,,,
20,0,0,0,0,0,0,0,,,,,
21,1,0.8,0.006,1,0.806,1.8,1.806,,,,,
22,0.2776,0.22208,0.0076656,-0.7224,0.2297456,-0.50032,-0.4926544,,,,,
23,0.47466176,0.379729408,0.010513571,0.19706176,0.390242979,0.576791168,0.587304739,,,,,
24,0.239739865,0.191791892,0.01195201,-0.234921895,0.203743901,-0.043130004,-0.031177994,,,,,
25,0.252211062,0.20176885,0.013465276,0.012471198,0.215234126,0.214240047,0.227705323,,,,,
26,0.161128933,0.128903146,0.01443205,-0.091082129,0.143335196,0.037821017,0.052253067,,,,,
27,0.140227706,0.112182165,0.015273416,-0.020901227,0.127455581,0.091280938,0.106554354,,,,,
28,0.097605964,0.078084772,0.015859052,-0.042621742,0.093943823,0.03546303,0.051322082,,,,,
29,0.077077132,0.061661705,0.016321515,-0.020528833,0.07798322,0.041132873,0.057454387,,,,,
30,0.054095377,0.043276302,0.016646087,-0.022981755,0.059922388,0.020294547,0.036940633,,,,,
31,0.039319124,0.031455299,0.016882002,-0.014776253,0.0483373,0.016679045,0.033561047,,,,,
32,0.025894705,0.020715764,0.01703737,-0.013424419,0.037753134,0.007291345,0.024328715,,,,,
33,0.016163219,0.012930575,0.017134349,-0.009731486,0.030064924,0.003199089,0.020333438,,,,,
34,0.008029844,0.006423875,0.017182528,-0.008133375,0.023606403,-0.0017095,0.015473028,,,,,
35,0.001840632,0.001472506,0.017193572,-0.006189211,0.018666078,-0.004716705,0.012476867,,,,,
36,-0.003150114,-0.002520091,0.017174671,-0.004990747,0.01465458,-0.007510838,0.009663833,,,,,
37,-0.007015648,-0.005612518,0.017132577,-0.003865533,0.011520059,-0.009478051,0.007654526,,,,,
38,-0.010077458,-0.008061966,0.017072113,-0.00306181,0.009010146,-0.011123777,0.005948336,,,,,
39,-0.012456792,-0.009965434,0.016997372,-0.002379334,0.007031938,-0.012344768,0.004652604,,,,,
40,-0.014317834,-0.011454267,0.016911465,-0.001861041,0.005457198,-0.013315308,0.003596156,,,,,
41,-0.015756296,-0.012605037,0.016816927,-0.001438463,0.00421189,-0.0140435,0.002773427,,,,,
42,-0.016865667,-0.013492534,0.016715733,-0.001109371,0.003223199,-0.014601905,0.002113828,,,,,
43,-0.017711199,-0.014168959,0.016609466,-0.000845531,0.002440507,-0.01501449,0.001594976,,,,,
44,-0.018349189,-0.014679351,0.016499371,-0.00063799,0.00182002,-0.015317341,0.001182029,,,,,
45,-0.018822001,-0.015057601,0.016386439,-0.000472812,0.001328838,-0.015530412,0.000856027,,,,,
46,-0.019164411,-0.015331529,0.016271452,-0.000342411,0.000939923,-0.01567394,0.000597513,,,,,
47,-0.019403416,-0.015522733,0.016155032,-0.000239005,0.000632299,-0.015761738,0.000393294,,,,,
48,-0.019560734,-0.015648587,0.016037667,-0.000157317,0.00038908,-0.015805904,0.000231763,,,,,
49,-0.019653439,-0.015722751,0.015919747,-9.27052E-05,0.000196996,-0.015815456,0.00010429,,,,,
50,-0.019695155,-0.015756124,0.015801576,-4.17162E-05,4.54517E-05,-0.01579784,3.73555E-06,,,,,
51,-0.019696649,-0.015757319,0.015683396,-1.49422E-06,-7.39235E-05,-0.015758814,-7.54178E-05,,,,,
52,-0.019666482,-0.015733186,0.015565397,3.01671E-05,-0.000167789,-0.015703019,-0.000137622,,,,,
53,-0.019611434,-0.015689147,0.015447728,5.50487E-05,-0.000241418,-0.015634098,-0.00018637,,,,,
54,-0.019536886,-0.015629509,0.015330507,7.45479E-05,-0.000299001,-0.015554961,-0.000224454,,,,,
55,-0.019447104,-0.015557683,0.015213824,8.97814E-05,-0.000343859,-0.015467902,-0.000254078,,,,,
56,-0.019345473,-0.015476379,0.015097752,0.000101631,-0.000378627,-0.015374748,-0.000276996,,,,,
57,-0.019234675,-0.01538774,0.014982344,0.000110798,-0.000405396,-0.015276942,-0.000294598,,,,,
58,-0.019116836,-0.015293469,0.014867643,0.000117839,-0.000425826,-0.015175629,-0.000307987,,,,,
59,-0.018993641,-0.015194913,0.014753681,0.000123195,-0.000441232,-0.015071718,-0.000318037,,,,,
60,-0.018866426,-0.015093141,0.014640482,0.000127215,-0.000452659,-0.014965926,-0.000325444,,,,,
61,-0.018736249,-0.014988999,0.014528065,0.000130177,-0.000460934,-0.014858821,-0.000330757,,,,,
62,-0.018603946,-0.014883157,0.014416441,0.000132303,-0.000466716,-0.014750854,-0.000334413,,,,,
63,-0.018470181,-0.014776145,0.01430562,0.000133765,-0.000470525,-0.014642379,-0.000336759,,,,,
64,-0.018335477,-0.014668382,0.014195607,0.000134704,-0.000472774,-0.014533678,-0.000338071,,,,,
65,-0.018200249,-0.014560199,0.014086406,0.000135228,-0.000473793,-0.014424971,-0.000338565,,,,,
66,-0.018064823,-0.014451858,0.013978017,0.000135426,-0.000473841,-0.014316432,-0.000338415,,,,,
67,-0.017929456,-0.014343565,0.01387044,0.000135366,-0.000473125,-0.014208199,-0.000337759,,,,,
68,-0.017794353,-0.014235482,0.013763674,0.000135104,-0.000471808,-0.014100379,-0.000336705,,,,,
69,-0.017659671,-0.014127737,0.013657716,0.000134682,-0.000470021,-0.013993055,-0.000335339,,,,,
70,-0.017525535,-0.014020428,0.013552563,0.000134136,-0.000467866,-0.013886293,-0.00033373,,,,,
71,-0.017392043,-0.013913635,0.01344821,0.000133492,-0.000465424,-0.013780143,-0.000331932,,,,,
72,-0.01725927,-0.013807416,0.013344655,0.000132773,-0.000462762,-0.013674643,-0.000329989,,,,,
73,-0.017127275,-0.01370182,0.013241891,0.000131995,-0.000459929,-0.013569824,-0.000327933,,,,,
74,-0.016996102,-0.013596881,0.013139914,0.000131173,-0.000456967,-0.013465708,-0.000325793,,,,,
75,-0.016865784,-0.013492627,0.01303872,0.000130317,-0.000453908,-0.01336231,-0.00032359,,,,,
76,-0.016736348,-0.013389078,0.012938302,0.000129436,-0.000450777,-0.013259642,-0.000321341,,,,,
77,-0.016607812,-0.013286249,0.012838655,0.000128536,-0.000447595,-0.013157713,-0.000319058,,,,,
78,-0.016480188,-0.013184151,0.012739774,0.000127623,-0.000444377,-0.013056527,-0.000316754,,,,,
79,-0.016353487,-0.01308279,0.012641653,0.000126702,-0.000441137,-0.012956088,-0.000314435,,,,,
80,-0.016227713,-0.01298217,0.012544286,0.000125774,-0.000437884,-0.012856396,-0.00031211,,,,,
81,-0.016102869,-0.012882295,0.012447669,0.000124844,-0.000434626,-0.012757451,-0.000309782,,,,,
82,-0.015978956,-0.012783165,0.012351795,0.000123913,-0.000431369,-0.012659252,-0.000307457,,,,,
83,-0.015855973,-0.012684779,0.01225666,0.000122983,-0.000428119,-0.012561796,-0.000305137,,,,,
84,-0.015733919,-0.012587135,0.012162256,0.000122055,-0.000424879,-0.01246508,-0.000302824,,,,,
85,-0.015612789,-0.012490231,0.012068579,0.00012113,-0.000421652,-0.012369102,-0.000300522,,,,,
86,-0.01549258,-0.012394064,0.011975624,0.000120209,-0.00041844,-0.012273855,-0.000298231,,,,,
87,-0.015373288,-0.01229863,0.011883384,0.000119293,-0.000415246,-0.012179338,-0.000295953,,,,,
88,-0.015254906,-0.012203925,0.011791855,0.000118381,-0.00041207,-0.012085544,-0.000293689,,,,,
89,-0.015137431,-0.012109945,0.01170103,0.000117476,-0.000408914,-0.011992469,-0.000291439,,,,,
90,-0.015020855,-0.012016684,0.011610905,0.000116576,-0.000405779,-0.011900109,-0.000289204,,,,,
91,-0.014905174,-0.011924139,0.011521474,0.000115681,-0.000402665,-0.011808458,-0.000286984,,,,,
92,-0.01479038,-0.011832304,0.011432732,0.000114793,-0.000399573,-0.011717511,-0.000284779,,,,,
93,-0.014676469,-0.011741175,0.011344673,0.000113912,-0.000396502,-0.011627263,-0.00028259,,,,,
94,-0.014563433,-0.011650746,0.011257292,0.000113036,-0.000393454,-0.01153771,-0.000280418,,,,,
95,-0.014451265,-0.011561012,0.011170585,0.000112167,-0.000390428,-0.011448845,-0.000278261,,,,,
96,-0.014339961,-0.011471969,0.011084545,0.000111304,-0.000387424,-0.011360665,-0.00027612,,,,,
97,-0.014229513,-0.011383611,0.010999168,0.000110448,-0.000384443,-0.011273163,-0.000273995,,,,,
98,-0.014119915,-0.011295932,0.010914448,0.000109598,-0.000381484,-0.011186334,-0.000271886,,,,,
99,-0.014011161,-0.011208929,0.010830381,0.000108754,-0.000378547,-0.011100174,-0.000269793,,,,,
100,-0.013903244,-0.011122595,0.010746962,0.000107917,-0.000375633,-0.011014678,-0.000267716,,,,,
